# Created by Octave 3.6.4, Tue Apr 07 17:02:58 2015 BST <boris@dhcp-172-17-163-85.eduroam.wireless.private.cam.ac.uk>
# name: Xyz
# type: matrix
# rows: 432
# columns: 3
 1 0 0
 0.984807753012208 0.1736481776669303 0
 0.9396926207859084 0.3420201433256687 0
 0.8660254037844387 0.4999999999999999 0
 0.7660444431189781 0.6427876096865393 0
 0.6427876096865394 0.766044443118978 0
 0.5000000000000001 0.8660254037844386 0
 0.3420201433256688 0.9396926207859083 0
 0.1736481776669304 0.984807753012208 0
 6.123233995736766e-17 1 0
 -0.1736481776669303 0.984807753012208 0
 -0.3420201433256687 0.9396926207859084 0
 -0.4999999999999998 0.8660254037844388 0
 -0.6427876096865393 0.7660444431189781 0
 -0.7660444431189779 0.6427876096865395 0
 -0.8660254037844387 0.4999999999999999 0
 -0.9396926207859083 0.3420201433256689 0
 -0.984807753012208 0.1736481776669307 0
 -1 1.224646799147353e-16 0
 -0.9848077530122081 -0.17364817766693 0
 -0.9396926207859084 -0.3420201433256687 0
 -0.8660254037844388 -0.4999999999999998 0
 -0.7660444431189781 -0.6427876096865393 0
 -0.6427876096865396 -0.7660444431189779 0
 -0.5000000000000004 -0.8660254037844384 0
 -0.3420201433256693 -0.9396926207859082 0
 -0.1736481776669303 -0.984807753012208 0
 -1.83697019872103e-16 -1 0
 0.17364817766693 -0.9848077530122081 0
 0.3420201433256682 -0.9396926207859085 0
 0.5 -0.8660254037844386 0
 0.6427876096865393 -0.7660444431189781 0
 0.7660444431189779 -0.6427876096865396 0
 0.8660254037844384 -0.5000000000000004 0
 0.9396926207859082 -0.3420201433256694 0
 0.984807753012208 -0.1736481776669304 0
 1 0 0.09090909090909091
 0.9781099836393524 0.1724671802159331 0.09090909090909091
 0.9193195222328714 0.3346049418725914 0.09090909090909091
 0.8460029117599749 0.4884400088398286 0.09090909090909091
 0.7343213377910351 0.6161687637060643 0.09090909090909091
 0.6150570267249258 0.7329964212497432 0.09090909090909091
 0.4826579665289712 0.8359881207060565 0.09090909090909091
 0.3275192933487293 0.8998518629113679 0.09090909090909091
 0.165734023587705 0.9399243548650434 0.09090909090909091
 5.783575659485487e-17 0.9445295841237225 0.09090909090909091
 -0.163673540613809 0.9282387752355561 0.09090909090909091
 -0.3229805398498713 0.8873817401607853 0.09090909090909091
 -0.476484370675696 0.8252951390227882 0.09090909090909091
 -0.6127177478243759 0.7302085772159334 0.09090909090909091
 -0.7328483668371006 0.6149327943218834 0.09090909090909091
 -0.8402473696952139 0.4851170450794066 0.09090909090909091
 -0.8911090863208142 0.3243371829049285 0.09090909090909091
 -0.9552808859190516 0.1684417943426143 0.09090909090909091
 -0.9597985906613424 1.175414271879554e-16 0.09090909090909091
 -0.9306178736287718 -0.1640930398502928 0.09090909090909091
 -0.8987447638806928 -0.3271163422551784 0.09090909090909091
 -0.8182148337358571 -0.4723965545123417 0.09090909090909091
 -0.7299630598687342 -0.6125117343088935 0.09090909090909091
 -0.615834131226523 -0.7339225383313425 0.09090909090909091
 -0.4742724245877065 -0.8214639360147854 0.09090909090909091
 -0.3205965390003344 -0.8808317516587203 0.09090909090909091
 -0.1652862607348519 -0.9373849655381581 0.09090909090909091
 -1.755576320450462e-16 -0.9556912364026171 0.09090909090909091
 0.1661917357933122 -0.9425201697753232 0.09090909090909091
 0.3281950296116702 -0.9017084330353065 0.09090909090909091
 0.483199362246814 -0.8369258455963606 0.09090909090909091
 0.6224519853231165 -0.7418093897262228 0.09090909090909091
 0.7481768508408865 -0.627794919595967 0.09090909090909091
 0.8447385687710052 -0.4877100400747996 0.09090909090909091
 0.9320040330497069 -0.3392217262461479 0.09090909090909091
 0.984807753012208 -0.1736481776669304 0.09090909090909091
 1 0 0.1818181818181818
 0.9711083051124801 0.1712325953813984 0.1818181818181818
 0.909640560601485 0.3310820879401621 0.1818181818181818
 0.8334311253360821 0.4811816845637996 0.1818181818181818
 0.7190357999047249 0.603342674503315 0.1818181818181818
 0.5948839235284673 0.7089550530415901 0.1818181818181818
 0.4646973689593662 0.8048794531812025 0.1818181818181818
 0.313907137946607 0.8624527733139296 0.1818181818181818
 0.1575983054145499 0.8937844043000956 0.1818181818181818
 5.546311251138234e-17 0.9057813656965897 0.1818181818181818
 -0.1573716838871388 0.8924991697517556 0.1818181818181818
 -0.3087936791575437 0.848403660755667 0.1818181818181818
 -0.4609576253595428 0.7984020272590285 0.1818181818181818
 -0.5926968641432399 0.7063486171620287 0.1818181818181818
 -0.7040477516651704 0.590766208753438 0.1818181818181818
 -0.8043423945562008 0.4643872980176507 0.1818181818181818
 -0.8591665039298657 0.3127110337090274 0.1818181818181818
 -0.9082130372798778 0.1601424627036257 0.1818181818181818
 -0.9204731773934803 1.127254530395919e-16 0.1818181818181818
 -0.9060022657036051 -0.1597526440265448 0.1818181818181818
 -0.8629746485930845 -0.3140970850142186 0.1818181818181818
 -0.7976188860887746 -0.4605054785940831 0.1818181818181818
 -0.6980556853408085 -0.5857382681106758 0.1818181818181818
 -0.6026969766215912 -0.7182662871344495 0.1818181818181818
 -0.4631368208210237 -0.8021765045179355 0.1818181818181818
 -0.3104930355772196 -0.8530726041463299 0.1818181818181818
 -0.1573969871309984 -0.8926426715786338 0.1818181818181818
 -1.686227620757861e-16 -0.9179395626188592 0.1818181818181818
 0.1617984721565099 -0.9176047335831385 0.1818181818181818
 0.3193407684629264 -0.8773815504631785 0.1818181818181818
 0.4637646029470299 -0.8032638550562629 0.1818181818181818
 0.6068127496661945 -0.7231712744466584 0.1818181818181818
 0.7225996390302039 -0.6063330905990801 0.1818181818181818
 0.8124660347396342 -0.4690774838643562 0.1818181818181818
 0.9109104965713488 -0.3315443068326173 0.1818181818181818
 0.984807753012208 -0.1736481776669304 0.1818181818181818
 1 0 0.2727272727272727
 0.9624184468933695 0.169700338918838 0.2727272727272727
 0.8984371402301091 0.3270043764030097 0.2727272727272727
 0.8239980079440826 0.4757354716982314 0.2727272727272727
 0.7066360216799947 0.5929380251682639 0.2727272727272727
 0.5900161667792332 0.7031538864478156 0.2727272727272727
 0.4542074740210576 0.7867104221819924 0.2727272727272727
 0.3061265107805563 0.8410756758660102 0.2727272727272727
 0.1532828631664411 0.8693103151347861 0.2727272727272727
 5.384352974063525e-17 0.8793315718152077 0.2727272727272727
 -0.1524058169570723 0.864336338912629 0.2727272727272727
 -0.3002278408170537 0.8248692133364718 0.2727272727272727
 -0.4464460804267502 0.7732672941391132 0.2727272727272727
 -0.583072300023014 0.6948785082945962 0.2727272727272727
 -0.6843987673786156 0.5742787532855816 0.2727272727272727
 -0.7828357938706738 0.4519704563225078 0.2727272727272727
 -0.8486995033839818 0.3089013570682776 0.2727272727272727
 -0.8811034496002398 0.1553623109598237 0.2727272727272727
 -0.8980232180908698 1.099761259594989e-16 0.2727272727272727
 -0.8739819796817926 -0.1541066036708972 0.2727272727272727
 -0.8386508061336162 -0.3052439303759917 0.2727272727272727
 -0.7718780160071002 -0.4456439803232533 0.2727272727272727
 -0.6790433827450354 -0.5697850520147317 0.2727272727272727
 -0.5828777000251362 -0.6946465930480059 0.2727272727272727
 -0.4478527428471765 -0.7757037049203879 0.2727272727272727
 -0.3062757464476905 -0.8414856974916372 0.2727272727272727
 -0.1534528697031277 -0.8702744701155132 0.2727272727272727
 -1.651311638679753e-16 -0.8989321872665437 0.2727272727272727
 0.158154038744081 -0.8969361246284234 0.2727272727272727
 0.3085023184646795 -0.8476031538311071 0.2727272727272727
 0.4559434318405344 -0.789717189325123 0.2727272727272727
 0.5887227267891977 -0.701612424692886 0.2727272727272727
 0.7165325915505879 -0.6012422332965992 0.2727272727272727
 0.8149830566784743 -0.4705306871583017 0.2727272727272727
 0.8967575813555565 -0.3263930669659756 0.2727272727272727
 0.984807753012208 -0.1736481776669304 0.2727272727272727
 1 0 0.3636363636363636
 0.960707196033919 0.1693985992215563 0.3636363636363636
 0.8869932468690505 0.3228391398554677 0.3636363636363636
 0.8180776026561888 0.4723173241115542 0.3636363636363636
 0.7018588086100003 0.5889294674431762 0.3636363636363636
 0.5801106430728014 0.6913489429841485 0.3636363636363636
 0.4469582454880886 0.7741543900472121 0.3636363636363636
 0.2984803130749769 0.8200679203252449 0.3636363636363636
 0.1510802696080966 0.8568187863313401 0.3636363636363636
 5.247915007127014e-17 0.8570495608661725 0.3636363636363636
 -0.1511889110141042 0.8574349223620893 0.3636363636363636
 -0.2952530067427198 0.8112009690517061 0.3636363636363636
 -0.4420854745264711 0.7657145031680451 0.3636363636363636
 -0.5653601869450841 0.6737700339015382 0.3636363636363636
 -0.6758759161647875 0.5671272319754795 0.3636363636363636
 -0.7656961746246295 0.4420748925369964 0.3636363636363636
 -0.8346695000620559 0.3037948534724406 0.3636363636363636
 -0.8648351866761681 0.1524937772770507 0.3636363636363636
 -0.8807759582304103 1.078639458012815e-16 0.3636363636363636
 -0.8550305780381547 -0.1507649602388811 0.3636363636363636
 -0.8226743745838583 -0.2994289848420884 0.3636363636363636
 -0.7553587572798707 -0.4361065818502743 0.3636363636363636
 -0.6696070267037945 -0.5618670091408688 0.3636363636363636
 -0.5736972440156795 -0.6837057516170827 0.3636363636363636
 -0.4427746048821342 -0.7669081119570901 0.3636363636363636
 -0.3017342738798203 -0.8290081041603412 0.3636363636363636
 -0.1524642737539511 -0.8646678638820006 0.3636363636363636
 -1.617069417600923e-16 -0.8802915903190969 0.3636363636363636
 0.1535535819550811 -0.8708456376790317 0.3636363636363636
 0.3033677328036824 -0.8334959956692621 0.3636363636363636
 0.4409355412157658 -0.7637227602485871 0.3636363636363636
 0.5807992700971776 -0.6921696167144065 0.3636363636363636
 0.6976799964012433 -0.5854230276600496 0.3636363636363636
 0.8119089664576007 -0.4687558603417672 0.3636363636363636
 0.9030939386531519 -0.3286993124159758 0.3636363636363636
 0.984807753012208 -0.1736481776669304 0.3636363636363636
 1 0 0.4545454545454546
 0.9678984114759097 0.1706666045280666 0.4545454545454546
 0.8916429266094648 0.3245314848798491 0.4545454545454546
 0.8162767781122178 0.4712776175763292 0.4545454545454546
 0.6995776793663829 0.5870153727361893 0.4545454545454546
 0.5777429419973822 0.6885272267213284 0.4545454545454546
 0.4422730998692828 0.7660394797945816 0.4545454545454546
 0.2984667049774146 0.8200305323844708 0.4545454545454546
 0.1483865539870469 0.8415419659024604 0.4545454545454546
 5.237011058492087e-17 0.855268810915653 0.4545454545454546
 -0.1497207529386218 0.849108584160281 0.4545454545454546
 -0.2927194342253283 0.8042400357696222 0.4545454545454546
 -0.4287164643983683 0.7425586983792681 0.4545454545454546
 -0.5572499223549511 0.6641045969393577 0.4545454545454546
 -0.6668354918646486 0.559541415279547 0.4545454545454546
 -0.7601662131762266 0.4388821678061527 0.4545454545454546
 -0.8125836731314717 0.2957562698705531 0.4545454545454546
 -0.8477573300959849 0.1494824903892948 0.4545454545454546
 -0.8726409997057475 1.06867700709439e-16 0.4545454545454546
 -0.8484110237324712 -0.1495977542145242 0.4545454545454546
 -0.8186959946610414 -0.2979809729695807 0.4545454545454546
 -0.7532309700094606 -0.4348781032969248 0.4545454545454546
 -0.6707206421045671 -0.5628014434129305 0.4545454545454546
 -0.5673778030413541 -0.6761745351327434 0.4545454545454546
 -0.4373160348410777 -0.757453591309307 0.4545454545454546
 -0.2937612823372622 -0.8071024899316602 0.4545454545454546
 -0.151756150651839 -0.8606518982069407 0.4545454545454546
 -1.587508189344093e-16 -0.8641992071778726 0.4545454545454546
 0.1493710721282655 -0.8471254457378397 0.4545454545454546
 0.2986795632877252 -0.8206153557855942 0.4545454545454546
 0.4411049902823034 -0.7640162546411253 0.4545454545454546
 0.5804495672546641 -0.6917528570955007 0.4545454545454546
 0.6933333323678154 -0.5817757434727487 0.4545454545454546
 0.8018581785345379 -0.462953035228819 0.4545454545454546
 0.9133917570573304 -0.3324474117929754 0.4545454545454546
 0.984807753012208 -0.1736481776669304 0.4545454545454546
 1 0 0.5454545454545454
 0.9527245824600733 0.1679910490719177 0.5454545454545454
 0.8858562578441552 0.3224253096937185 0.5454545454545454
 0.8040419713263374 0.4642138485850181 0.5454545454545454
 0.6967959879419735 0.5846812564879182 0.5454545454545454
 0.5780394553747531 0.6888805976040625 0.5454545454545454
 0.4404961947238514 0.7629617898024641 0.5454545454545454
 0.3013456138598223 0.8279402695315534 0.5454545454545454
 0.1498870597700719 0.8500517570699613 0.5454545454545454
 5.228746655677863e-17 0.8539191315109499 0.5454545454545454
 -0.1486099043097223 0.8428086485268559 0.5454545454545454
 -0.293241206519694 0.8056735933664888 0.5454545454545454
 -0.424489784655428 0.7352378743171734 0.5454545454545454
 -0.5572969140371334 0.6641605994454205 0.5454545454545454
 -0.654280192123871 0.5490062678977403 0.5454545454545454
 -0.7600873367619091 0.4388366284871139 0.5454545454545454
 -0.8071977194941431 0.2937959430634277 0.5454545454545454
 -0.8541538650552328 0.1506103720856551 0.5454545454545454
 -0.8755365777124001 1.072223067431919e-16 0.5454545454545454
 -0.8517156008691638 -0.1501804403235554 0.5454545454545454
 -0.8226398118320171 -0.2994164050292038 0.5454545454545454
 -0.7454840234529734 -0.4304054016171392 0.5454545454545454
 -0.6664553612011902 -0.5592224477800395 0.5454545454545454
 -0.5592540757619325 -0.6664930539622372 0.5454545454545454
 -0.4396707632262757 -0.7615321005104946 0.5454545454545454
 -0.2961390424014508 -0.8136353320168996 0.5454545454545454
 -0.1509725800230888 -0.8562080483457235 0.5454545454545454
 -1.585190412339467e-16 -0.8629374681435433 0.5454545454545454
 0.1501156740168787 -0.8513482928915846 0.5454545454545454
 0.2940998871687464 -0.8080327990602842 0.5454545454545454
 0.4501736214740537 -0.7797235846203407 0.5454545454545454
 0.5828157007168749 -0.6945727051496478 0.5454545454545454
 0.7020721714508763 -0.5891085001242627 0.5454545454545454
 0.806538813385789 -0.4656554010201672 0.5454545454545454
 0.907978036263749 -0.3304769785674838 0.5454545454545454
 0.984807753012208 -0.1736481776669304 0.5454545454545454
 1 0 0.6363636363636364
 0.9703980163326069 0.1711073523054122 0.6363636363636364
 0.896825509260365 0.3264177907014013 0.6363636363636364
 0.8093672680917118 0.4672884101060217 0.6363636363636364
 0.7067626686825225 0.5930442946213746 0.6363636363636364
 0.5852507719270077 0.6974747100125459 0.6363636363636364
 0.4434216397189822 0.7680288091687786 0.6363636363636364
 0.2991590159326424 0.8219326411012005 0.6363636363636364
 0.1505685118682629 0.8539164639653722 0.6363636363636364
 5.265221223030431e-17 0.8598758804083403 0.6363636363636364
 -0.1525618745881263 0.865221385718438 0.6363636363636364
 -0.2970590931838673 0.816163150766342 0.6363636363636364
 -0.4378913843927365 0.7584501259648935 0.6363636363636364
 -0.5737974954203331 0.6838252265887418 0.6363636363636364
 -0.6651115918282785 0.5580948913948423 0.6363636363636364
 -0.762815326236905 0.4404116339448492 0.6363636363636364
 -0.8186454632373245 0.2979625810354529 0.6363636363636364
 -0.8600841602150371 0.1516560431258935 0.6363636363636364
 -0.8824510351230452 1.080690835567706e-16 0.6363636363636364
 -0.8638341977776667 -0.1523172759268547 0.6363636363636364
 -0.8174758046952801 -0.2975368601418933 0.6363636363636364
 -0.7653659743988324 -0.4418842513477458 0.6363636363636364
 -0.6688933778807631 -0.5612681866766732 0.6363636363636364
 -0.5676343452420469 -0.6764802702220711 0.6363636363636364
 -0.4389708596521018 -0.7603198319596263 0.6363636363636364
 -0.3030039694295926 -0.8324965640129227 0.6363636363636364
 -0.1532368159474972 -0.869049168379146 0.6363636363636364
 -1.614367717156201e-16 -0.8788208530983173 0.6363636363636364
 0.1517868913608036 -0.860826237430816 0.6363636363636364
 0.2986576343350223 -0.8205551064832106 0.6363636363636364
 0.443548220089044 -0.7682480528009668 0.6363636363636364
 0.5857328308311509 -0.6980492054434009 0.6363636363636364
 0.6988879965803955 -0.5864366601648383 0.6363636363636364
 0.8059589307738491 -0.4653206056380653 0.6363636363636364
 0.9048120069318799 -0.3293246381298697 0.6363636363636364
 0.984807753012208 -0.1736481776669304 0.6363636363636364
 1 0 0.7272727272727273
 0.9681158848469243 0.1707049509509621 0.7272727272727273
 0.9009178133341835 0.3279072675738375 0.7272727272727273
 0.8179154292877787 0.4722236932736473 0.7272727272727273
 0.7191826256998578 0.6034658759738584 0.7272727272727273
 0.5922653708215933 0.7058343834457756 0.7272727272727273
 0.4507951323545653 0.7808000730428435 0.7272727272727273
 0.3026327518033689 0.8314766519671708 0.7272727272727273
 0.1535189655874386 0.8706493185025568 0.7272727272727273
 5.434204849556504e-17 0.8874730009240229 0.7272727272727273
 -0.1542817239451947 0.8749751361096613 0.7272727272727273
 -0.3039828736427702 0.8351860812344387 0.7272727272727273
 -0.4512345139951804 0.7815611043683026 0.7272727272727273
 -0.5831299898960548 0.6949472604080488 0.7272727272727273
 -0.6888217464126889 0.5779900733617774 0.7272727272727273
 -0.7768264980004932 0.4485009877342189 0.7272727272727273
 -0.8398984199313299 0.3056980246622195 0.7272727272727273
 -0.8843014437489956 0.1559262036123972 0.7272727272727273
 -0.9034825851178089 1.106447055949901e-16 0.7272727272727273
 -0.8825941054037386 -0.1556251537969296 0.7272727272727273
 -0.8327041151790363 -0.3030795118761445 0.7272727272727273
 -0.7782493518058886 -0.4493224727617812 0.7272727272727273
 -0.6806002586590666 -0.571091426019984 0.7272727272727273
 -0.5762008742143779 -0.6866894619009091 0.7272727272727273
 -0.4532124705905853 -0.7849870256867084 0.7272727272727273
 -0.3085004555400453 -0.8475980354877375 0.7272727272727273
 -0.1565921414588018 -0.8880781649503073 0.7272727272727273
 -1.646750940679814e-16 -0.8964494589113889 0.7272727272727273
 0.1530919859695529 -0.868227796758297 0.7272727272727273
 0.304713809052029 -0.8371943097664587 0.7272727272727273
 0.4569767800480475 -0.7915070009224459 0.7272727272727273
 0.5922134496196286 -0.7057725061668028 0.7272727272727273
 0.7126418960749469 -0.5979775521579658 0.7272727272727273
 0.8155391447337511 -0.4708517447467089 0.7272727272727273
 0.9036766193140051 -0.3289113908326089 0.7272727272727273
 0.984807753012208 -0.1736481776669304 0.7272727272727273
 1 0 0.8181818181818182
 0.9656636943284931 0.1702725636007252 0.8181818181818182
 0.9179840379556556 0.3341188653473544 0.8181818181818182
 0.8279850717823235 0.478037404078516 0.8181818181818182
 0.7304381636510983 0.612910393717446 0.8181818181818182
 0.5993900010569488 0.714325187124666 0.8181818181818182
 0.4625962009743208 0.8012401234758668 0.8181818181818182
 0.3125721682358653 0.8587849741780109 0.8181818181818182
 0.1590814946503287 0.9021959884480206 0.8181818181818182
 5.575061068900484e-17 0.9104765672489502 0.8181818181818182
 -0.1588459912074355 0.9008603820538835 0.8181818181818182
 -0.3136249776765926 0.8616775443433982 0.8181818181818182
 -0.4653203995092791 0.8059585737483199 0.8181818181818182
 -0.5933894612344258 0.7071740222336699 0.8181818181818182
 -0.7029258049181021 0.5898247836517724 0.8181818181818182
 -0.802370384854841 0.463248757685726 0.8181818181818182
 -0.8618546032976532 0.3136894218656519 0.8181818181818182
 -0.912913421654469 0.1609712672885666 0.8181818181818182
 -0.9213198538155807 1.128291409966158e-16 0.8181818181818182
 -0.9066986448909997 -0.1598754344660863 0.8181818181818182
 -0.8689077721760052 -0.3162565653946245 0.8181818181818182
 -0.8010274791202766 -0.4624734306983787 0.8181818181818182
 -0.7033971944977496 -0.5902203264741951 0.8181818181818182
 -0.5971007585677247 -0.7115969741638135 0.8181818181818182
 -0.4667003346141794 -0.8083486914611537 0.8181818181818182
 -0.317622902575764 -0.8726617527285454 0.8181818181818182
 -0.1609848368193602 -0.9129903782877613 0.8181818181818182
 -1.690108874062108e-16 -0.9200524185089275 0.8181818181818182
 0.1589178439014727 -0.9012678789312693 0.8181818181818182
 0.3145139710976356 -0.8641200336937589 0.8181818181818182
 0.4666083268081457 -0.8081893292664114 0.8181818181818182
 0.6071224795323176 -0.7235403961273444 0.8181818181818182
 0.7236015954415358 -0.6071738318542844 0.8181818181818182
 0.8384445985431663 -0.4840762146694854 0.8181818181818182
 0.9175411701321405 -0.3339576746418813 0.8181818181818182
 0.984807753012208 -0.1736481776669304 0.8181818181818182
 1 0 0.9090909090909092
 0.9772116946788673 0.172308787635727 0.9090909090909092
 0.9315217774353244 0.3390461995572042 0.9090909090909092
 0.8452251232710919 0.4879909524463995 0.9090909090909092
 0.7450095696060031 0.6251372550799412 0.9090909090909092
 0.6178392929730693 0.7363121970465218 0.9090909090909092
 0.4749375749056864 0.822616010160198 0.9090909090909092
 0.3257706906692558 0.8950476165339167 0.9090909090909092
 0.1649775896646952 0.935634404909736 0.9090909090909092
 5.802421726771243e-17 0.9476073804808236 0.9090909090909092
 -0.1662710623803592 0.9429700532062534 0.9090909090909092
 -0.3264749604067307 0.8969825817348345 0.9090909090909092
 -0.4827160833297297 0.8360887819577444 0.9090909090909092
 -0.6183999803872772 0.7369803982867267 0.9090909090909092
 -0.7263757757684415 0.6095016455434101 0.9090909090909092
 -0.8285752799704202 0.4783781609347916 0.9090909090909092
 -0.8976516484555916 0.3267184807778246 0.9090909090909092
 -0.9349768356780295 0.1648616424674618 0.9090909090909092
 -0.962338085254026 1.178524255803936e-16 0.9090909090909092
 -0.9454144782777056 -0.1667020804727762 0.9090909090909092
 -0.9049740357170978 -0.3293836117847826 0.9090909090909092
 -0.8296406999739921 -0.4789932814606536 0.9090909090909092
 -0.7311716978361629 -0.6135259019815897 0.9090909090909092
 -0.6129695122585294 -0.7305086183848226 0.9090909090909092
 -0.4819393883097517 -0.8347435067211552 0.9090909090909092
 -0.328398684670164 -0.9022679707098727 0.9090909090909092
 -0.1655965272406122 -0.9391445743315131 0.9090909090909092
 -1.746412322712402e-16 -0.9507025883862038 0.9090909090909092
 0.1670585721049472 -0.9474362427900835 0.9090909090909092
 0.3272291782761901 -0.8990547783005249 0.9090909090909092
 0.4837894849562587 -0.8379479681118192 0.9090909090909092
 0.6243122126212436 -0.7440263222918074 0.9090909090909092
 0.7447214351854461 -0.6248954815939228 0.9090909090909092
 0.8540363063481767 -0.4930780913678341 0.9090909090909092
 0.9251173634648767 -0.3367151835040433 0.9090909090909092
 0.984807753012208 -0.1736481776669304 0.9090909090909092
 1 0 1
 0.984807753012208 0.1736481776669303 1
 0.9396926207859084 0.3420201433256687 1
 0.8660254037844387 0.4999999999999999 1
 0.7660444431189781 0.6427876096865393 1
 0.6427876096865394 0.766044443118978 1
 0.5000000000000001 0.8660254037844386 1
 0.3420201433256688 0.9396926207859083 1
 0.1736481776669304 0.984807753012208 1
 6.123233995736766e-17 1 1
 -0.1736481776669303 0.984807753012208 1
 -0.3420201433256687 0.9396926207859084 1
 -0.4999999999999998 0.8660254037844388 1
 -0.6427876096865393 0.7660444431189781 1
 -0.7660444431189779 0.6427876096865395 1
 -0.8660254037844387 0.4999999999999999 1
 -0.9396926207859083 0.3420201433256689 1
 -0.984807753012208 0.1736481776669307 1
 -1 1.224646799147353e-16 1
 -0.9848077530122081 -0.17364817766693 1
 -0.9396926207859084 -0.3420201433256687 1
 -0.8660254037844388 -0.4999999999999998 1
 -0.7660444431189781 -0.6427876096865393 1
 -0.6427876096865396 -0.7660444431189779 1
 -0.5000000000000004 -0.8660254037844384 1
 -0.3420201433256693 -0.9396926207859082 1
 -0.1736481776669303 -0.984807753012208 1
 -1.83697019872103e-16 -1 1
 0.17364817766693 -0.9848077530122081 1
 0.3420201433256682 -0.9396926207859085 1
 0.5 -0.8660254037844386 1
 0.6427876096865393 -0.7660444431189781 1
 0.7660444431189779 -0.6427876096865396 1
 0.8660254037844384 -0.5000000000000004 1
 0.9396926207859082 -0.3420201433256694 1
 0.984807753012208 -0.1736481776669304 1


